145

467. T.110.415. T. 243. 288. 311.367. Φ. 226. 280. 336.
544. Χ.110. 202. 253 bis. 287. ι44247. 382. 547. 592. Ω. 75.
92. 154. 183. 370. 431. 463. 553. 619. 635. 655. 735. 744.
xiv 07710 0077007007 Α. 100. 139. 255. 256. 595. 557. 567.

Ι 1551. 155. Γ. 41. 354. 417. Δ. 36. 40. 94. 57. 150. 229. 421. “

Ε. 898. Ζ. 49. 555. 452. 454. Η. 28. 130. 455. Θ. 24. 34. 180.
291. 554. 405. 419. 454. 465. L 112. 188. 142. 280. 284. 501.
525. 681. 702. Κ. 130. 171. 303. Λ. 552. Μ. 58. 465. Ν. 343.

Ξ. 504. ο. 40. 77. 77. 077. Ρ. 070. Σ. 770. Ρ. 07. 50. 007. ’

7. 707. 505. 511. 555. 455. 77. 000. 470. 400. Χ. 40. 245
555. 555. Ψ. 007. 000. 07. 55. 222. κ’ A. 54. 154. 047. 545.
000, 11. 125. 555. 551. Γ. 070. A. 505. 5152. 451. 454. 070.
z. 250. 11. 41. 554. θ. 25. 007. 077. 1. 145. 255. 007. 070. ¹
545. 515. 15 255. 545. 550. A. 405. (000.) M. 544. 007.
Ν. 700. 000. 521. 704. 5. 707. 000. 000. 555. (070.) 0. 707.
007. 700. 700. 77. 44. 545. Ρ. 105. 155. 555 515. 505. Σ. 000.
Ρ. 07. 707. 250. 7. 04. 250 515. 557. 555 bis. 0. 211. 250.
x. 15. 70. Ψ. 704. 554. 550. 51. 145. 770. 000000. 555. 554.
χ’. 15. 255. 1155. A.541.-11.542. ειςόκε Ρ. 405. Η. 40
251. 070. 077. 000. 555. 7. 40. 40. A. 155. 000. 555. M. 150.
55. 0. 11. 455. Ρ. 404. Φ. 155. 551. 51465’ 1. 505. 74. 00. 0. 70.
εῑςόκεν 5. 455. 11. 77. 11. 52. Ξ. 77. 77. 700007. Ψ. 044.
ὥς κε A. 52. Β. 000. A. 55. 77. z. 251. Ρ. 151. 032551
(5115 00n5.) Z. 69148. Η. 468. Θ. 508. (ante 700.) Ζ. 364. --··
.ὅς ἂν. 5.155; eontra 00 legitur A. 000. 077. 007. 070. 11. 242.
550. 455. 007. 1125. 52. 54. 55. A. 55. 154. 225. 1552. 00.
224. 552. 552. 455. 407. z. 115. 125. 141. 525. 470. 445. 521.
15155251255555455. 0. 70. 07. 210555575575405.
400. 451. 455. 470. 1. 55. 77. 707. 707. 504. 575. 070. 477.
407. 444. 077. 554. 704. 11. 5. 204. 545. 525. A. 157. 502.
555. 551. 504. M. 41. 05. 75. N. 777. 000. 524. 070. 747.
Ξ. 00. 74. 125. 245. 047. 000. 544. 070. 0. 40. 55. 50. 770.
205. 254. 545. 11. 52. 54. 271. 555. 507. 747. Ρ. 700. 007.
400. 000. 777. Σ. 700. 007. 007400. Ρ. 000. 000. 250. 077.
551. 070. 5. 24. 154241. 515425. 77. 540. 555. 070. 400.
555. 550. 77. 00, 45. 700. 700. 007. Ψ. 070. 000. 47070000.
297. 967. 487. 499. 566. 654. 57 κεν coniunctum est N. 127.
3) Eadem 006 condicio ooniunotionis al, quae 0010 77077 in·

 

